1 9 1.44142 0.269066
0 2 0.0150633 0.40558
0 10 -0.485732 0.278137
2 10 -0.504284 0.331311
1 3 1.20718 0.396642
1 11 1.35189 0.303192
3 11 0.149222 0.359916
2 4 -0.0134945 0.373745
2 12 0.203828 0.278631
4 12 0.222469 0.318327
3 5 -1.33934 0.304518
3 13 -0.454393 0.327601
5 13 0.879789 0.288695
4 6 -0.0932388 0.415498
4 14 0.313605 0.335847
6 14 0.414418 0.318389
5 7 0.702668 0.39551
5 15 1.42867 0.262567
7 15 0.721865 0.283775
6 8 0.0981997 0.333771
6 16 0.321603 0.292713
8 16 0.217095 0.293916
7 17 0.633343 0.300848
0 10 -0.693335 0.332691
0 18 -0.0405021 0.48767
10 18 0.721937 0.36939
1 9 1.19642 0.372049
1 11 1.01999 0.482501
1 19 1.18581 0.391808
9 11 -0.101255 0.486924
9 19 0.0138648 0.33629
11 19 0.156856 0.431539
2 10 -0.786111 0.396806
2 12 -0.0278161 0.379163
2 20 -0.031174 0.429172
10 12 0.749085 0.441349
10 20 0.761393 0.329536
12 20 0.0552136 0.39235
3 11 -0.0260929 0.475945
3 13 -0.723427 0.370656
3 21 -0.0168792 0.460439
11 13 -0.692596 0.503247
11 21 0.00775069 0.406657
13 21 0.696935 0.387234
4 12 0.0479852 0.412567
4 14 0.0828673 0.371549
4 22 0.129229 0.463712
12 14 0.0511783 0.412392
12 22 0.0621934 0.389769
14 22 0.0263904 0.377736
5 13 0.642698 0.374773
5 15 1.15765 0.446853
5 23 1.26251 0.407691
13 15 0.509308 0.473414
13 23 0.618557 0.380229
15 23 0.130952 0.39227
6 14 0.232574 0.44869
6 16 0.0292133 0.410673
6 24 0.0522328 0.482458
14 16 -0.165068 0.495344
14 24 -0.143967 0.358168
16 24 -0.00749542 0.398801
7 15 0.472042 0.394495
7 17 0.370497 0.390389
7 25 0.453808 0.419688
15 17 -0.0971633 0.444387
15 25 -0.00220139 0.340391
17 25 0.115856 0.415576
8 16 0.0642688 0.437192
8 26 -0.117063 0.436214
16 26 -0.179547 0.358517
9 19 0.114971 0.409338
9 27 0.375101 0.388045
19 27 0.199022 0.376482
10 18 0.658577 0.353595
10 20 0.663756 0.426349
10 28 0.980613 0.400485
18 20 -0.0216249 0.473325
18 28 0.280382 0.36751
20 28 0.268731 0.386517
11 19 -0.0318961 0.421867
11 21 -0.0424105 0.364897
11 29 0.157546 0.456376
19 21 0.0155973 0.503661
19 29 0.249595 0.400128
21 29 0.251884 0.395241
12 20 -0.0365335 0.336413
12 22 -0.031913 0.340529
12 30 0.111716 0.442597
20 22 -0.0137537 0.364972
20 30 0.111874 0.445555
22 30 0.0760487 0.306178
13 21 0.673524 0.376038
13 23 0.684828 0.407063
13 31 -0.395208 0.395604
21 23 0.0414125 0.386757
21 31 -1.05389 0.304255
23 31 -1.08954 0.324374
14 22 0.0854915 0.390001
14 24 -0.151086 0.38342
14 32 0.0720637 0.475288
22 24 -0.25437 0.44336
22 32 -0.0187705 0.365158
24 32 0.228584 0.397345
15 23 0.0979841 0.381551
15 25 -0.0939125 0.446401
15 33 -0.962389 0.461682
23 25 -0.152419 0.473433
23 33 -1.04752 0.35487
25 33 -0.895741 0.374388
16 24 -0.0680416 0.427493
16 26 -0.127194 0.418726
16 34 -0.0514085 0.473664
24 26 -0.0654551 0.497574
24 34 0.00693275 0.399369
26 34 0.0924068 0.449967
17 25 0.0699048 0.404788
17 35 -0.774956 0.395068
25 35 -0.809377 0.337751
18 28 0.263999 0.495413
18 36 0.419493 0.439876
28 36 0.126605 0.316704
19 27 0.155078 0.42808
19 29 0.226972 0.432017
19 37 -0.681471 0.386648
27 29 0.0493163 0.380017
27 37 -0.85918 0.280256
29 37 -0.907253 0.259813
20 28 0.206026 0.489732
20 30 0.130899 0.430157
20 38 0.281202 0.424728
28 30 -0.0639405 0.340818
28 38 0.0731687 0.279274
30 38 0.103557 0.318307
21 29 0.201481 0.465613
21 31 -1.0127 0.430431
21 39 -0.813864 0.42904
29 31 -1.22575 0.391569
29 39 -1.0282 0.329998
31 39 0.187396 0.277619
22 30 -0.0369602 0.43113
22 32 -0.132302 0.372145
22 40 -1.36319 0.369401
30 32 -0.111187 0.472035
30 40 -1.29382 0.368212
32 40 -1.19485 0.381174
23 31 -1.15824 0.352834
23 33 -1.24185 0.365431
23 41 -0.130456 0.430684
31 33 -0.0969199 0.387896
31 41 1.05233 0.300068
33 41 1.17598 0.370662
24 32 0.0446263 0.385705
24 34 -0.20028 0.389337
24 42 -0.0510731 0.43351
32 34 -0.253098 0.412871
32 42 -0.0878798 0.342157
34 42 0.139028 0.453893
25 33 -1.08128 0.382627
25 35 -0.975405 0.372925
25 43 0.172115 0.418755
33 35 0.17328 0.454821
33 43 1.25382 0.35562
35 43 1.0936 0.423847
26 34 -0.0669147 0.331354
26 44 0.0219733 0.409091
34 44 0.084933 0.382227
27 37 -0.755871 0.479318
27 45 -0.791853 0.393493
37 45 -0.0338518 0.299338
28 36 0.0185618 0.422824
28 38 0.047121 0.450065
28 46 -0.904949 0.368624
36 38 0.00672748 0.373
36 46 -0.920968 0.315436
38 46 -0.936017 0.295722
29 37 -0.889716 0.475459
29 39 -1.07093 0.418517
29 47 0.433622 0.42711
37 39 -0.172227 0.376383
37 47 1.31947 0.294055
39 47 1.47272 0.262758
30 38 0.173882 0.435318
30 40 -1.0587 0.485837
30 48 -0.86308 0.404537
38 40 -1.21767 0.418064
38 48 -1.02001 0.29234
40 48 0.199352 0.308545
31 39 0.112108 0.427297
31 41 1.24014 0.427471
31 49 0.469403 0.415519
39 41 1.09398 0.350774
39 49 0.32423 0.317398
41 49 -0.761358 0.298095
32 40 -1.0642 0.424511
32 42 0.111752 0.445769
32 50 -0.799308 0.422289
40 42 1.16925 0.358837
40 50 0.245846 0.297145
42 50 -0.915269 0.305624
33 41 1.29543 0.351755
33 43 1.27951 0.372089
33 51 1.59837 0.352527
41 43 0.0276254 0.365681
41 51 0.319722 0.293128
43 51 0.285066 0.283511
34 42 0.157735 0.466542
34 44 0.199004 0.437952
34 52 0.399869 0.433484
42 44 0.0330281 0.398581
42 52 0.212563 0.309923
44 52 0.195643 0.319859
35 43 1.23737 0.461832
35 53 1.51095 0.378967
43 53 0.28696 0.309847
36 46 -1.09947 0.450632
37 45 -0.218277 0.387198
37 47 1.05367 0.424862
45 47 1.30623 0.39839
38 46 -1.11888 0.380666
38 48 -1.25478 0.416428
46 48 -0.126486 0.404425
39 47 1.28805 0.30411
39 49 0.0915518 0.445405
47 49 -1.14892 0.33253
40 48 0.0627301 0.451404
40 50 0.129996 0.440099
48 50 0.0965481 0.379893
41 49 -0.933535 0.417162
41 51 0.220455 0.475853
49 51 1.18611 0.350472
42 50 -1.02349 0.453991
42 52 -0.02659 0.436928
50 52 1.01689 0.36045
43 51 0.0656773 0.444246
43 53 0.0712216 0.475139
51 53 0.0640264 0.404833
44 52 -0.0179646 0.400349
