-0.0772341
1.15458
-0.101817
-0.045814
-0.0950358
1.25799
0.0170702
0.559426
-0.0486299
-0.0855102
0.555154
-0.0678117 
-0.184151 
0.546461
-0.264138
-0.028764
-0.148198
0.078047 
-0.117427
-0.120063
-0.182456
-0.0905673
-0.283927
-0.143074 
-0.11217 
0
-0.015193
-0.314284
-0.40644
-0.303151 
-0.290202
0.950579
-0.225041
1.0104
0 
0.878194 
-0.459729
0.556812
-0.435024
0.76999
0.909601
-0.241671
-0.189241
-0.292112
-0.149154
0.615174
0.553479
-0.638643 
0.716822 
0.563875
0.705322
-0.521451
-0.295244 
-0.55687
